00110000
11110010
00000110
00000000
00000000
00000000
00000000
00000000
00000000
00000000
00110000
11110011
00001000
00000000
00000000
00000000
00000000
00000000
00000000
00000000
01000000
00110010
00000000
00000000
00000000
00000000
00000000
00000000
00000000
00000000
00110000
11111000
00001010
00000000
00000000
00000000
00000000
00000000
00000000
00000000
01010000
00000010
00000000
00000000
00000000
00000000
00000000
00000000
00000000
00000000
01100000
10000000
00000000
00000000





